# Environment: shelf
# Bin ID: E
# Objects: ["dasani_water_bottle","laugh_out_loud_joke_book","oral_b_toothbrush_green","rolodex_jumbo_pencil_cup","scotch_duct_tape"]

# Color camera intrinsic matrix
 6.11685730e+02	  0.00000000e+00	  3.17676056e+02	
 0.00000000e+00	  6.11685791e+02	  2.43151840e+02	
 0.00000000e+00	  0.00000000e+00	  1.00000000e+00	

# Depth camera intrinsic matrix
 4.77425415e+02	  0.00000000e+00	  3.22314026e+02	
 0.00000000e+00	  4.77425293e+02	  2.45856491e+02	
 0.00000000e+00	  0.00000000e+00	  1.00000000e+00	

# Depth-to-color camera extrinsic matrix
 9.99999464e-01	  3.76153563e-04	  9.60772566e-04	  2.47000027e-02	
-3.78370401e-04	  9.99997258e-01	  2.30823224e-03	  1.26381754e-03	
-9.59901721e-04	 -2.30859476e-03	  9.99996841e-01	  4.55952343e-03	
 0.00000000e+00	  0.00000000e+00	  0.00000000e+00	  1.00000000e+00	

# Bin-to-world transformation matrix
 9.99806837e-01	 -1.96542321e-02	  0.00000000e+00	  1.46535027e+00	
 1.96542321e-02	  9.99806837e-01	  0.00000000e+00	  6.98901925e-03	
 0.00000000e+00	  0.00000000e+00	  1.00000000e+00	  8.08705304e-01	
 0.00000000e+00	  0.00000000e+00	  0.00000000e+00	  1.00000000e+00	

# Camera-to-world extrinsic matrix (camera pose) for frame-000000
 4.39847999e-01	 -2.58998908e-04	  8.98072197e-01	  1.16482927e+00	
-8.98072185e-01	  2.03760191e-04	  4.39848052e-01	 -1.50970843e-01	
-2.96911527e-04	 -9.99999946e-01	 -1.42976203e-04	  9.28082667e-01	
 0.00000000e+00	  0.00000000e+00	  0.00000000e+00	  1.00000000e+00	

# Camera-to-world extrinsic matrix (camera pose) for frame-000001
 2.36471478e-01	 -6.51051960e-04	  9.71638213e-01	  1.13838708e+00	
-9.71638091e-01	  6.77180875e-04	  2.36471903e-01	 -7.61210509e-02	
-8.11930311e-04	 -9.99999559e-01	 -4.72452922e-04	  9.27128451e-01	
 0.00000000e+00	  0.00000000e+00	  0.00000000e+00	  1.00000000e+00	

# Camera-to-world extrinsic matrix (camera pose) for frame-000002
 1.87396266e-02	  9.79837137e-04	  9.99823918e-01	  1.12791420e+00	
-9.99824155e-01	  7.15057704e-04	  1.87389303e-02	 -3.92313467e-04	
-6.96570695e-04	 -9.99999264e-01	  9.93064753e-04	  9.28590523e-01	
 0.00000000e+00	  0.00000000e+00	  0.00000000e+00	  1.00000000e+00	

# Camera-to-world extrinsic matrix (camera pose) for frame-000003
-1.97723718e-01	  9.18263976e-04	  9.80257358e-01	  1.13516329e+00	
-9.80257630e-01	 -7.52873757e-04	 -1.97723067e-01	  7.73923241e-02	
 5.56448070e-04	 -9.99999295e-01	  1.04899627e-03	  9.28958802e-01	
 0.00000000e+00	  0.00000000e+00	  0.00000000e+00	  1.00000000e+00	

# Camera-to-world extrinsic matrix (camera pose) for frame-000004
-4.05803959e-01	  6.70103376e-04	  9.13959899e-01	  1.15850190e+00	
-9.13960136e-01	 -1.56854266e-04	 -4.05803949e-01	  1.51208712e-01	
-1.28572087e-04	 -9.99999763e-01	  6.76099855e-04	  9.28620685e-01	
 0.00000000e+00	  0.00000000e+00	  0.00000000e+00	  1.00000000e+00	

# Camera-to-world extrinsic matrix (camera pose) for frame-000005
-4.05394681e-01	 -1.58625293e-01	  9.00273941e-01	  1.16363663e+00	
-9.14141702e-01	  7.00012699e-02	 -3.99305361e-01	  1.49788931e-01	
 3.19610763e-04	 -9.84854222e-01	 -1.73384138e-01	  9.90043927e-01	
 0.00000000e+00	  0.00000000e+00	  0.00000000e+00	  1.00000000e+00	

# Camera-to-world extrinsic matrix (camera pose) for frame-000006
-1.96697212e-01	 -1.71014882e-01	  9.65434678e-01	  1.14089691e+00	
-9.80464132e-01	  3.48517166e-02	 -1.93585753e-01	  7.70999721e-02	
-5.41011094e-04	 -9.84651851e-01	 -1.74529194e-01	  9.89575375e-01	
 0.00000000e+00	  0.00000000e+00	  0.00000000e+00	  1.00000000e+00	

# Camera-to-world extrinsic matrix (camera pose) for frame-000007
 2.02528881e-02	 -1.73211304e-01	  9.84676426e-01	  1.13383818e+00	
-9.99794879e-01	 -3.36587140e-03	  1.99717656e-02	  1.05767533e-03	
-1.45041344e-04	 -9.84878934e-01	 -1.73243943e-01	  9.90269301e-01	
 0.00000000e+00	  0.00000000e+00	  0.00000000e+00	  1.00000000e+00	

# Camera-to-world extrinsic matrix (camera pose) for frame-000008
 2.34933258e-01	 -1.69225651e-01	  9.57167197e-01	  1.14363563e+00	
-9.72010661e-01	 -3.96041993e-02	  2.31574573e-01	 -7.63364354e-02	
-1.28051740e-03	 -9.84781289e-01	 -1.73793480e-01	  9.89894635e-01	
 0.00000000e+00	  0.00000000e+00	  0.00000000e+00	  1.00000000e+00	

# Camera-to-world extrinsic matrix (camera pose) for frame-000009
 4.40706667e-01	 -1.55698214e-01	  8.84045078e-01	  1.16917347e+00	
-8.97650700e-01	 -7.54260187e-02	  4.34205179e-01	 -1.47342217e-01	
-9.24970318e-04	 -9.84920800e-01	 -1.73003360e-01	  9.90624946e-01	
 0.00000000e+00	  0.00000000e+00	  0.00000000e+00	  1.00000000e+00	

# Camera-to-world extrinsic matrix (camera pose) for frame-000010
 4.40077143e-01	 -3.07060079e-01	  8.43828309e-01	  1.18375254e+00	
-8.97959023e-01	 -1.49120810e-01	  4.14044172e-01	 -1.40926784e-01	
-1.30407502e-03	 -9.39934621e-01	 -3.41352029e-01	  1.05080774e+00	
 0.00000000e+00	  0.00000000e+00	  0.00000000e+00	  1.00000000e+00	

# Camera-to-world extrinsic matrix (camera pose) for frame-000011
 2.34556804e-01	 -3.31834545e-01	  9.13711629e-01	  1.15908357e+00	
-9.72101835e-01	 -8.10946816e-02	  2.20094696e-01	 -7.28523834e-02	
 1.06213051e-03	 -9.39845459e-01	 -3.41598279e-01	  1.05095152e+00	
 0.00000000e+00	  0.00000000e+00	  0.00000000e+00	  1.00000000e+00	

# Camera-to-world extrinsic matrix (camera pose) for frame-000012
 2.04220615e-02	 -3.42161157e-01	  9.39419332e-01	  1.14925984e+00	
-9.99791360e-01	 -7.38239044e-03	  1.90456304e-02	  1.58593977e-03	
 4.18485377e-04	 -9.39612283e-01	 -3.42240532e-01	  1.05029452e+00	
 0.00000000e+00	  0.00000000e+00	  0.00000000e+00	  1.00000000e+00	

# Camera-to-world extrinsic matrix (camera pose) for frame-000013
-1.97414695e-01	 -3.35789371e-01	  9.21017338e-01	  1.15671839e+00	
-9.80319821e-01	  6.69517588e-02	 -1.85716211e-01	  7.30524373e-02	
 6.97798897e-04	 -9.39554661e-01	 -3.42398237e-01	  1.04981308e+00	
 0.00000000e+00	  0.00000000e+00	  0.00000000e+00	  1.00000000e+00	

# Camera-to-world extrinsic matrix (camera pose) for frame-000014
-4.05133463e-01	 -3.14045491e-01	  8.58628154e-01	  1.17893153e+00	
-9.14257285e-01	  1.38440521e-01	 -3.80746423e-01	  1.43305080e-01	
 7.02768815e-04	 -9.39260162e-01	 -3.43205266e-01	  1.04885492e+00	
 0.00000000e+00	  0.00000000e+00	  0.00000000e+00	  1.00000000e+00	
